."ORI_ID"	"DEST_ID"	"TOTAL_METE"	"NSA"
53437	290	2447.52	24.45
53437	291	3752.35	24.45
53437	292	1189.58	24.45
53437	293	1723.30	24.45
53437	294	947.01	24.45
53437	295	1420.50	24.45
53437	296	2974.76	24.45
53437	297	3442.68	24.45
53437	298	4757.06	24.45
53437	299	6604.12	24.45
53437	300	3067.33	24.45
53437	301	985.65	24.45
53437	302	7894.35	24.45
53437	303	7790.82	24.45
53437	304	6505.46	24.45
53437	305	7881.88	24.45
53437	306	2179.97	24.45
53437	307	953.88	24.45
53437	308	1974.06	24.45
53437	309	4396.47	24.45
3209	290	5134.12	29.76
3209	291	4404.09	29.76
3209	292	2480.54	29.76
3209	293	2076.91	29.76
3209	294	2480.93	29.76
3209	295	2263.08	29.76
3209	296	2617.47	29.76
3209	297	2026.82	29.76
3209	298	2007.37	29.76
3209	299	3854.43	29.76
3209	300	1243.58	29.76
3209	301	2421.16	29.76
3209	302	10539.17	29.76
3209	303	10435.63	29.76
3209	304	9113.95	29.76
3209	305	10526.70	29.76
3209	306	4866.57	29.76
3209	307	4073.52	29.76
3209	308	4660.66	29.76
3209	309	7075.22	29.76
48993	290	1627.00	29.84
48993	291	3472.59	29.84
48993	292	2232.64	29.84
48993	293	2766.36	29.84
48993	294	1481.44	29.84
48993	295	1710.81	29.84
48993	296	3218.75	29.84
48993	297	3686.66	29.84
48993	298	5353.81	29.84
48993	299	7200.87	29.84
48993	300	3205.79	29.84
48993	301	1520.08	29.84
48993	302	6916.66	29.84
48993	303	6813.12	29.84
48993	304	5550.50	29.84
48993	305	6904.19	29.84
48993	306	1359.45	29.84
48993	307	1271.51	29.84
48993	308	1153.54	29.84
48993	309	3532.09	29.84
2800	290	3910.80	36.14
2800	291	2284.85	36.14
2800	292	2586.53	36.14
2800	293	3120.25	36.14
2800	294	1731.14	36.14
2800	295	1316.86	36.14
2800	296	1387.86	36.14
2800	297	1855.77	36.14
2800	298	3784.70	36.14
2800	299	5677.33	36.14
2800	300	1519.91	36.14
2800	301	1740.59	36.14
2800	302	8878.97	36.14
2800	303	8775.43	36.14
2800	304	7504.97	36.14
2800	305	8866.50	36.14
2800	306	3643.24	36.14
2800	307	3043.44	36.14
2800	308	3437.33	36.14
2800	309	5663.81	36.14
36372	290	4778.26	36.22
36372	291	3598.43	36.22
36372	292	2231.62	36.22
36372	293	2001.17	36.22
36372	294	2125.07	36.22
36372	295	1907.22	36.22
36372	296	1800.39	36.22
36372	297	1209.74	36.22
36372	298	2048.34	36.22
36372	299	3895.40	36.22
36372	300	426.50	36.22
36372	301	2065.30	36.22
36372	302	10183.31	36.22
36372	303	10079.77	36.22
36372	304	8758.09	36.22
36372	305	10170.83	36.22
36372	306	4510.71	36.22
36372	307	3717.66	36.22
36372	308	4304.80	36.22
36372	309	6719.36	36.22
2865	290	1760.18	39.00
2865	291	4511.10	39.00
2865	292	2040.09	39.00
2865	293	2573.81	39.00
2865	294	1714.86	39.00
2865	295	2188.35	39.00
2865	296	3742.61	39.00
2865	297	4210.52	39.00
2865	298	5641.42	39.00
2865	299	7488.48	39.00
2865	300	3835.17	39.00
2865	301	1753.50	39.00
2865	302	7243.33	39.00
2865	303	7139.80	39.00
2865	304	5818.12	39.00
2865	305	7230.86	39.00
2865	306	1492.62	39.00
2865	307	224.10	39.00
2865	308	1286.71	39.00
2865	309	3778.18	39.00
3089	290	5128.86	39.11
3089	291	3819.52	39.11
3089	292	2582.22	39.11
3089	293	2351.78	39.11
3089	294	2475.67	39.11
3089	295	2257.82	39.11
3089	296	2019.96	39.11
3089	297	1385.32	39.11
3089	298	1697.74	39.11
3089	299	3544.80	39.11
3089	300	723.93	39.11
3089	301	2415.90	39.11
3089	302	10533.91	39.11
3089	303	10430.38	39.11
3089	304	9108.70	39.11
3089	305	10521.44	39.11
3089	306	4861.31	39.11
3089	307	4068.26	39.11
3089	308	4655.40	39.11
3089	309	7069.96	39.11
36212	290	5074.02	39.43
36212	291	4683.51	39.43
36212	292	2012.89	39.43
36212	293	1605.80	39.43
36212	294	2420.83	39.43
36212	295	2202.98	39.43
36212	296	2998.38	39.43
36212	297	2407.74	39.43
36212	298	2608.09	39.43
36212	299	4455.15	39.43
36212	300	1624.50	39.43
36212	301	2361.06	39.43
36212	302	10479.06	39.43
36212	303	10375.53	39.43
36212	304	9053.85	39.43
36212	305	10466.59	39.43
36212	306	4806.47	39.43
36212	307	3822.25	39.43
36212	308	4600.56	39.43
36212	309	7015.12	39.43
3304	290	2539.94	39.47
3304	291	2485.84	39.47
3304	292	1931.69	39.47
3304	293	2465.41	39.47
3304	294	1105.22	39.47
3304	295	1303.53	39.47
3304	296	2396.17	39.47
3304	297	2908.52	39.47
3304	298	4837.45	39.47
3304	299	6742.53	39.47
3304	300	2572.66	39.47
3304	301	1143.86	39.47
3304	302	7637.47	39.47
3304	303	7533.93	39.47
3304	304	6271.30	39.47
3304	305	7624.99	39.47
3304	306	2272.38	39.47
3304	307	1980.62	39.47
3304	308	2066.47	39.47
3304	309	4422.30	39.47
2753	290	3553.70	39.56
2753	291	1393.24	39.56
2753	292	2773.38	39.56
2753	293	3307.10	39.56
2753	294	1917.99	39.56
2753	295	1751.03	39.56
2753	296	1512.30	39.56
2753	297	2333.82	39.56
2753	298	4267.92	39.56
2753	299	6272.53	39.56
2753	300	2102.65	39.56
2753	301	1956.62	39.56
2753	302	8482.92	39.56
2753	303	8379.38	39.56
2753	304	7066.84	39.56
2753	305	8470.44	39.56
2753	306	3389.59	39.56
2753	307	3138.14	39.56
2753	308	3183.68	39.56
2753	309	5267.75	39.56
54138	290	4866.50	39.58
54138	291	9104.89	39.58
54138	292	8085.41	39.58
54138	293	8619.13	39.58
54138	294	7404.26	39.58
54138	295	7714.17	39.58
54138	296	9027.54	39.58
54138	297	9539.89	39.58
54138	298	11357.16	39.58
54138	299	13204.22	39.58
54138	300	9204.02	39.58
54138	301	7442.89	39.58
54138	302	3733.70	39.58
54138	303	3917.90	39.58
54138	304	4458.18	39.58
54138	305	3504.08	39.58
54138	306	5134.06	39.58
54138	307	6694.63	39.58
54138	308	5396.14	39.58
54138	309	4444.16	39.58
5787	290	3592.83	39.99
5787	291	1252.88	39.99
5787	292	2782.68	39.99
5787	293	3316.40	39.99
5787	294	1927.28	39.99
5787	295	1760.33	39.99
5787	296	1371.93	39.99
5787	297	2343.12	39.99
5787	298	4220.27	39.99
5787	299	6281.83	39.99
5787	300	2111.95	39.99
5787	301	1965.92	39.99
5787	302	8522.05	39.99
5787	303	8418.51	39.99
5787	304	7105.97	39.99
5787	305	8509.58	39.99
5787	306	3428.72	39.99
5787	307	3172.86	39.99
5787	308	3222.81	39.99
5787	309	5306.89	39.99
4484	290	1809.70	40.10
4484	291	3507.35	40.10
4484	292	1665.66	40.10
4484	293	2199.38	40.10
4484	294	984.51	40.10
4484	295	1309.18	40.10
4484	296	2817.12	40.10
4484	297	3285.03	40.10
4484	298	4952.17	40.10
4484	299	6799.23	40.10
4484	300	2875.58	40.10
4484	301	1023.14	40.10
4484	302	7256.53	40.10
4484	303	7153.00	40.10
4484	304	5867.65	40.10
4484	305	7244.06	40.10
4484	306	1542.15	40.10
4484	307	855.40	40.10
4484	308	1336.24	40.10
4484	309	3758.65	40.10
54323	290	3371.93	41.02
54323	291	4470.75	41.02
54323	292	1139.26	41.02
54323	293	1483.59	41.02
54323	294	1665.41	41.02
54323	295	2138.90	41.02
54323	296	3693.16	41.02
54323	297	3997.06	41.02
54323	298	4419.53	41.02
54323	299	6266.59	41.02
54323	300	3213.81	41.02
54323	301	1704.05	41.02
54323	302	8818.76	41.02
54323	303	8715.22	41.02
54323	304	7427.38	41.02
54323	305	8806.29	41.02
54323	306	3104.37	41.02
54323	307	1838.99	41.02
54323	308	2898.47	41.02
54323	309	5320.87	41.02
38453	290	4704.93	48.35
38453	291	3829.43	48.35
38453	292	2158.29	48.35
38453	293	2094.35	48.35
38453	294	2051.74	48.35
38453	295	1833.89	48.35
38453	296	2244.21	48.35
38453	297	1653.57	48.35
38453	298	2594.42	48.35
38453	299	4441.48	48.35
38453	300	870.33	48.35
38453	301	1991.97	48.35
38453	302	10109.98	48.35
38453	303	10006.44	48.35
38453	304	8684.76	48.35
38453	305	10097.51	48.35
38453	306	4437.38	48.35
38453	307	3644.33	48.35
38453	308	4231.47	48.35
38453	309	6646.03	48.35
3677	290	2845.48	48.63
3677	291	3381.83	48.63
3677	292	705.19	48.63
3677	293	1238.91	48.63
3677	294	576.50	48.63
3677	295	1049.99	48.63
3677	296	2604.25	48.63
3677	297	3072.16	48.63
3677	298	4306.52	48.63
3677	299	6153.58	48.63
3677	300	2696.81	48.63
3677	301	615.14	48.63
3677	302	8282.67	48.63
3677	303	8179.14	48.63
3677	304	6857.46	48.63
3677	305	8270.20	48.63
3677	306	2577.92	48.63
3677	307	1489.54	48.63
3677	308	2372.01	48.63
3677	309	4794.42	48.63
54326	290	4547.21	56.75
54326	291	3940.06	56.75
54326	292	2000.56	56.75
54326	293	1824.63	56.75
54326	294	1894.02	56.75
54326	295	1676.16	56.75
54326	296	2364.88	56.75
54326	297	1790.30	56.75
54326	298	2574.43	56.75
54326	299	4421.49	56.75
54326	300	1007.06	56.75
54326	301	1834.25	56.75
54326	302	9952.25	56.75
54326	303	9848.72	56.75
54326	304	8527.04	56.75
54326	305	9939.78	56.75
54326	306	4279.65	56.75
54326	307	3486.61	56.75
54326	308	4073.74	56.75
54326	309	6488.31	56.75
54104	290	2478.27	56.88
54104	291	2967.25	56.88
54104	292	1224.79	56.88
54104	293	1758.51	56.88
54104	294	369.40	56.88
54104	295	635.41	56.88
54104	296	2189.67	56.88
54104	297	2657.58	56.88
54104	298	4278.40	56.88
54104	299	6125.46	56.88
54104	300	2282.23	56.88
54104	301	408.03	56.88
54104	302	7893.15	56.88
54104	303	7789.62	56.88
54104	304	6467.93	56.88
54104	305	7880.68	56.88
54104	306	2210.71	56.88
54104	307	1431.89	56.88
54104	308	2004.80	56.88
54104	309	4427.21	56.88
3642	290	4930.23	56.90
3642	291	6378.43	56.90
3642	292	2935.59	56.90
3642	293	3051.68	56.90
3642	294	3573.10	56.90
3642	295	4046.58	56.90
3642	296	5600.85	56.90
3642	297	5381.46	56.90
3642	298	4454.78	56.90
3642	299	6220.32	56.90
3642	300	4598.22	56.90
3642	301	3611.73	56.90
3642	302	10403.86	56.90
3642	303	10300.32	56.90
3642	304	8978.64	56.90
3642	305	10391.39	56.90
3642	306	4662.68	56.90
3642	307	3390.25	56.90
3642	308	4456.77	56.90
3642	309	6938.71	56.90
36307	290	5320.28	57.73
36307	291	3956.91	57.73
36307	292	2753.76	57.73
36307	293	2346.67	57.73
36307	294	2711.93	57.73
36307	295	2462.67	57.73
36307	296	2157.35	57.73
36307	297	1522.71	57.73
36307	298	1581.05	57.73
36307	299	3428.10	57.73
36307	300	861.32	57.73
36307	301	2652.16	57.73
36307	302	10694.90	57.73
36307	303	10591.36	57.73
36307	304	9300.11	57.73
36307	305	10682.42	57.73
36307	306	5052.73	57.73
36307	307	4304.51	57.73
36307	308	4846.82	57.73
36307	309	7272.67	57.73
2756	290	4457.31	59.64
2756	291	1650.29	59.64
2756	292	3133.04	59.64
2756	293	3666.76	59.64
2756	294	2277.64	59.64
2756	295	1939.16	59.64
2756	296	459.36	59.64
2756	297	1689.49	59.64
2756	298	3416.80	59.64
2756	299	5572.77	59.64
2756	300	1613.94	59.64
2756	301	2316.28	59.64
2756	302	9569.24	59.64
2756	303	9465.71	59.64
2756	304	8153.17	59.64
2756	305	9556.77	59.64
2756	306	4189.75	59.64
2756	307	3589.95	59.64
2756	308	3983.84	59.64
2756	309	6354.08	59.64
54298	290	4250.65	60.33
54298	291	4406.59	60.33
54298	292	1085.35	60.33
54298	293	678.25	60.33
54298	294	1903.43	60.33
54298	295	1685.58	60.33
54298	296	3182.74	60.33
54298	297	2608.16	60.33
54298	298	2794.80	60.33
54298	299	4641.86	60.33
54298	300	1824.92	60.33
54298	301	1843.67	60.33
54298	302	9687.85	60.33
54298	303	9584.31	60.33
54298	304	8262.63	60.33
54298	305	9675.38	60.33
54298	306	3983.09	60.33
54298	307	2894.71	60.33
54298	308	3777.19	60.33
54298	309	6199.59	60.33
54334	290	4583.04	69.89
54334	291	3975.90	69.89
54334	292	2036.40	69.89
54334	293	1860.46	69.89
54334	294	1929.85	69.89
54334	295	1712.00	69.89
54334	296	2400.72	69.89
54334	297	1826.14	69.89
54334	298	2610.27	69.89
54334	299	4457.33	69.89
54334	300	1042.90	69.89
54334	301	1870.08	69.89
54334	302	9988.09	69.89
54334	303	9884.55	69.89
54334	304	8562.87	69.89
54334	305	9975.62	69.89
54334	306	4315.49	69.89
54334	307	3522.44	69.89
54334	308	4109.58	69.89
54334	309	6524.14	69.89
54246	290	5122.24	70.77
54246	291	5398.43	70.77
54246	292	2364.48	70.77
54246	293	2039.45	70.77
54246	294	3083.01	70.77
54246	295	2865.89	70.77
54246	296	4008.39	70.77
54246	297	3417.75	70.77
54246	298	2535.59	70.77
54246	299	4339.23	70.77
54246	300	2634.50	70.77
54246	301	3023.97	70.77
54246	302	10569.07	70.77
54246	303	10465.54	70.77
54246	304	9180.18	70.77
54246	305	10556.60	70.77
54246	306	4854.69	70.77
54246	307	3764.91	70.77
54246	308	4648.78	70.77
54246	309	7071.19	70.77
2910	290	3426.79	71.35
2910	291	2137.26	71.35
2910	292	3132.84	71.35
2910	293	3666.56	71.35
2910	294	2277.45	71.35
2910	295	2244.04	71.35
2910	296	2248.89	71.35
2910	297	2835.41	71.35
2910	298	4769.51	71.35
2910	299	6774.11	71.35
2910	300	2604.24	71.35
2910	301	2316.08	71.35
2910	302	8257.71	71.35
2910	303	8154.18	71.35
2910	304	6833.24	71.35
2910	305	8245.24	71.35
2910	306	3625.03	71.35
2910	307	3466.62	71.35
2910	308	3419.12	71.35
2910	309	5140.85	71.35
49161	290	1840.33	79.75
49161	291	3287.65	79.75
49161	292	2126.88	79.75
49161	293	2660.60	79.75
49161	294	1375.69	79.75
49161	295	1605.06	79.75
49161	296	3064.86	79.75
49161	297	3577.21	79.75
49161	298	5248.05	79.75
49161	299	7095.11	79.75
49161	300	3100.04	79.75
49161	301	1414.32	79.75
49161	302	7043.19	79.75
49161	303	6939.66	79.75
49161	304	5677.03	79.75
49161	305	7030.72	79.75
49161	306	1572.78	79.75
49161	307	1506.46	79.75
49161	308	1366.87	79.75
49161	309	3745.42	79.75
3727	290	2505.72	87.94
3727	291	3378.91	87.94
3727	292	1072.26	87.94
3727	293	1605.98	87.94
3727	294	623.01	87.94
3727	295	1092.23	87.94
3727	296	2646.49	87.94
3727	297	3114.40	87.94
3727	298	4672.41	87.94
3727	299	6519.47	87.94
3727	300	2733.28	87.94
3727	301	661.64	87.94
3727	302	7926.24	87.94
3727	303	7822.71	87.94
3727	304	6501.03	87.94
3727	305	7913.77	87.94
3727	306	2238.16	87.94
3727	307	1242.18	87.94
3727	308	2032.26	87.94
3727	309	4454.66	87.94
2926	290	2815.72	87.95
2926	291	2341.60	87.95
2926	292	2816.06	87.95
2926	293	3349.78	87.95
2926	294	1960.67	87.95
2926	295	2136.36	87.95
2926	296	2435.26	87.95
2926	297	2951.57	87.95
2926	298	4880.49	87.95
2926	299	6785.58	87.95
2926	300	2615.70	87.95
2926	301	1999.30	87.95
2926	302	7649.39	87.95
2926	303	7545.86	87.95
2926	304	6224.93	87.95
2926	305	7636.92	87.95
2926	306	2922.37	87.95
2926	307	2907.42	87.95
2926	308	2716.46	87.95
2926	309	4529.77	87.95
3809	290	8050.13	88.14
3809	291	6573.99	88.14
3809	292	5206.56	88.14
3809	293	4799.47	88.14
3809	294	5396.94	88.14
3809	295	5179.09	88.14
3809	296	4611.49	88.14
3809	297	4310.61	88.14
3809	298	1649.27	88.14
3809	299	555.29	88.14
3809	300	3649.22	88.14
3809	301	5337.17	88.14
3809	302	13455.18	88.14
3809	303	13351.65	88.14
3809	304	12029.97	88.14
3809	305	13442.71	88.14
3809	306	7782.58	88.14
3809	307	6989.53	88.14
3809	308	7576.67	88.14
3809	309	9991.23	88.14
3731	290	5890.86	98.42
3731	291	4004.07	98.42
3731	292	3327.88	98.42
3731	293	2920.78	98.42
3731	294	3364.02	98.42
3731	295	3033.25	98.42
3731	296	2041.57	98.42
3731	297	1843.47	98.42
3731	298	1087.97	98.42
3731	299	3243.94	98.42
3731	300	1431.90	98.42
3731	301	3304.26	98.42
3731	302	11140.93	98.42
3731	303	11037.40	98.42
3731	304	9766.93	98.42
3731	305	11128.46	98.42
3731	306	5623.30	98.42
3731	307	4956.61	98.42
3731	308	5417.39	98.42
3731	309	7843.24	98.42
3309	290	1067.08	99.45
3309	291	3862.35	99.45
3309	292	3131.17	99.45
3309	293	3664.89	99.45
3309	294	2392.42	99.45
3309	295	2621.79	99.45
3309	296	3785.00	99.45
3309	297	4297.36	99.45
3309	298	6226.28	99.45
3309	299	8111.84	99.45
3309	300	3961.49	99.45
3309	301	2431.05	99.45
3309	302	5996.30	99.45
3309	303	5892.77	99.45
3309	304	4630.14	99.45
3309	305	5983.83	99.45
3309	306	1190.17	99.45
3309	307	1736.85	99.45
3309	308	984.26	99.45
3309	309	2781.14	99.45
3476	290	2034.02	100.68
3476	291	3585.44	100.68
3476	292	1527.89	100.68
3476	293	2061.61	100.68
3476	294	849.31	100.68
3476	295	1302.90	100.68
3476	296	2857.16	100.68
3476	297	3325.07	100.68
3476	298	4898.72	100.68
3476	299	6745.78	100.68
3476	300	2943.95	100.68
3476	301	887.95	100.68
3476	302	7480.84	100.68
3476	303	7377.31	100.68
3476	304	6091.96	100.68
3476	305	7468.37	100.68
3476	306	1766.46	100.68
3476	307	764.40	100.68
3476	308	1560.55	100.68
3476	309	3982.96	100.68
3295	290	2434.52	173.36
3295	291	2540.82	173.36
3295	292	1865.95	173.36
3295	293	2399.67	173.36
3295	294	1039.48	173.36
3295	295	1237.79	173.36
3295	296	2404.64	173.36
3295	297	2916.99	173.36
3295	298	4845.91	173.36
3295	299	6737.25	173.36
3295	300	2581.12	173.36
3295	301	1078.12	173.36
3295	302	7697.04	173.36
3295	303	7593.50	173.36
3295	304	6330.88	173.36
3295	305	7684.57	173.36
3295	306	2166.97	173.36
3295	307	1875.20	173.36
3295	308	1961.06	173.36
3295	309	4339.61	173.36
3350	290	2678.26	189.66
3350	291	2286.74	189.66
3350	292	1769.13	189.66
3350	293	2302.85	189.66
3350	294	913.74	189.66
3350	295	1089.44	189.66
3350	296	2197.07	189.66
3350	297	2709.42	189.66
3350	298	4638.35	189.66
3350	299	6543.43	189.66
3350	300	2373.55	189.66
3350	301	952.37	189.66
3350	302	7829.91	189.66
3350	303	7726.38	189.66
3350	304	6463.75	189.66
3350	305	7817.44	189.66
3350	306	2410.71	189.66
3350	307	2102.91	189.66
3350	308	2204.80	189.66
3350	309	4583.35	189.66
3321	290	2830.09	295.74
3321	291	1975.12	295.74
3321	292	2273.38	295.74
3321	293	2807.10	295.74
3321	294	1417.99	295.74
3321	295	1577.62	295.74
3321	296	1897.77	295.74
3321	297	2410.12	295.74
3321	298	4339.05	295.74
3321	299	6244.13	295.74
3321	300	2074.26	295.74
3321	301	1456.62	295.74
3321	302	7759.31	295.74
3321	303	7655.77	295.74
3321	304	6393.14	295.74
3321	305	7746.83	295.74
3321	306	2793.29	295.74
3321	307	2607.16	295.74
3321	308	2587.39	295.74
3321	309	4544.14	295.74
54310	290	7876.45	296.35
54310	291	4329.53	296.35
54310	292	6849.03	296.35
54310	293	7108.38	296.35
54310	294	5993.63	296.35
54310	295	5738.30	296.35
54310	296	3958.08	296.35
54310	297	4978.53	296.35
54310	298	4626.09	296.35
54310	299	4180.98	296.35
54310	300	4932.39	296.35
54310	301	6032.27	296.35
54310	302	12805.67	296.35
54310	303	12702.14	296.35
54310	304	11389.59	296.35
54310	305	12793.20	296.35
54310	306	7712.34	296.35
54310	307	7287.47	296.35
54310	308	7506.43	296.35
54310	309	9590.51	296.35
54462	290	1014.84	351.20
54462	291	5438.96	351.20
54462	292	4312.76	351.20
54462	293	4846.48	351.20
54462	294	3631.60	351.20
54462	295	3941.51	351.20
54462	296	5357.55	351.20
54462	297	5825.46	351.20
54462	298	7584.51	351.20
54462	299	9431.57	351.20
54462	300	5436.49	351.20
54462	301	3670.24	351.20
54462	302	6045.39	351.20
54462	303	5941.86	351.20
54462	304	4685.18	351.20
54462	305	6032.92	351.20
54462	306	1282.39	351.20
54462	307	2921.97	351.20
54462	308	1544.47	351.20
54462	309	2461.32	351.20
54288	290	5309.15	362.35
54288	291	3945.78	362.35
54288	292	2645.34	362.35
54288	293	2238.24	362.35
54288	294	2683.05	362.35
54288	295	2451.54	362.35
54288	296	2146.22	362.35
54288	297	1511.57	362.35
54288	298	1472.62	362.35
54288	299	3319.68	362.35
54288	300	850.19	362.35
54288	301	2623.28	362.35
54288	302	10683.76	362.35
54288	303	10580.23	362.35
54288	304	9288.98	362.35
54288	305	10671.29	362.35
54288	306	5041.59	362.35
54288	307	4275.63	362.35
54288	308	4835.68	362.35
54288	309	7261.53	362.35
54426	290	1869.91	380.94
54426	291	3316.33	380.94
54426	292	1874.71	380.94
54426	293	2408.43	380.94
54426	294	1123.52	380.94
54426	295	1352.89	380.94
54426	296	2860.83	380.94
54426	297	3328.74	380.94
54426	298	4995.89	380.94
54426	299	6842.94	380.94
54426	300	2847.87	380.94
54426	301	1162.15	380.94
54426	302	7240.15	380.94
54426	303	7136.61	380.94
54426	304	5814.93	380.94
54426	305	7227.67	380.94
54426	306	1602.36	380.94
54426	307	1567.12	380.94
54426	308	1396.45	380.94
54426	309	3775.00	380.94
3340	290	3024.05	389.66
3340	291	2099.56	389.66
3340	292	2041.86	389.66
3340	293	2575.58	389.66
3340	294	1186.46	389.66
3340	295	1200.89	389.66
3340	296	1865.03	389.66
3340	297	2377.39	389.66
3340	298	4306.31	389.66
3340	299	6211.40	389.66
3340	300	2041.52	389.66
3340	301	1225.10	389.66
3340	302	8033.45	389.66
3340	303	7929.91	389.66
3340	304	6667.28	389.66
3340	305	8020.98	389.66
3340	306	2756.50	389.66
3340	307	2387.37	389.66
3340	308	2550.59	389.66
3340	309	4818.28	389.66
54483	290	832.17	410.83
54483	291	5255.81	410.83
54483	292	4129.61	410.83
54483	293	4663.33	410.83
54483	294	3448.45	410.83
54483	295	3758.36	410.83
54483	296	5174.40	410.83
54483	297	5642.31	410.83
54483	298	7401.36	410.83
54483	299	9248.42	410.83
54483	300	5253.34	410.83
54483	301	3487.09	410.83
54483	302	5449.60	410.83
54483	303	5346.06	410.83
54483	304	4089.39	410.83
54483	305	5437.13	410.83
54483	306	1099.72	410.83
54483	307	2738.82	410.83
54483	308	1361.81	410.83
54483	309	1618.69	410.83
3482	290	2054.30	427.44
3482	291	2877.33	427.44
3482	292	2411.07	427.44
3482	293	2944.79	427.44
3482	294	1659.88	427.44
3482	295	1889.25	427.44
3482	296	2799.98	427.44
3482	297	3312.33	427.44
3482	298	5241.25	427.44
3482	299	7146.34	427.44
3482	300	2976.46	427.44
3482	301	1698.52	427.44
3482	302	6983.52	427.44
3482	303	6879.98	427.44
3482	304	5617.35	427.44
3482	305	6971.05	427.44
3482	306	1937.16	427.44
3482	307	2108.57	427.44
3482	308	1731.25	427.44
3482	309	3768.36	427.44
3360	290	2084.12	605.67
3360	291	3727.73	605.67
3360	292	1490.10	605.67
3360	293	2023.82	605.67
3360	294	991.60	605.67
3360	295	1445.18	605.67
3360	296	2999.44	605.67
3360	297	3467.36	605.67
3360	298	5041.00	605.67
3360	299	6888.06	605.67
3360	300	3086.23	605.67
3360	301	1030.23	605.67
3360	302	7530.95	605.67
3360	303	7427.41	605.67
3360	304	6142.06	605.67
3360	305	7518.48	605.67
3360	306	1816.57	605.67
3360	307	635.72	605.67
3360	308	1610.66	605.67
3360	309	4033.06	605.67
3297	290	2504.23	805.70
3297	291	2521.55	805.70
3297	292	1967.39	805.70
3297	293	2501.11	805.70
3297	294	1140.93	805.70
3297	295	1339.24	805.70
3297	296	2431.88	805.70
3297	297	2944.23	805.70
3297	298	4873.15	805.70
3297	299	6778.24	805.70
3297	300	2608.36	805.70
3297	301	1179.57	805.70
3297	302	7601.76	805.70
3297	303	7498.23	805.70
3297	304	6235.60	805.70
3297	305	7589.29	805.70
3297	306	2236.68	805.70
3297	307	1944.91	805.70
3297	308	2030.77	805.70
3297	309	4386.60	805.70
3293	290	2514.56	865.29
3293	291	2512.67	865.29
3293	292	1879.91	865.29
3293	293	2413.63	865.29
3293	294	1053.45	865.29
3293	295	1251.76	865.29
3293	296	2418.60	865.29
3293	297	2930.95	865.29
3293	298	4859.88	865.29
3293	299	6751.22	865.29
3293	300	2595.09	865.29
3293	301	1092.08	865.29
3293	302	7689.24	865.29
3293	303	7585.71	865.29
3293	304	6323.08	865.29
3293	305	7676.77	865.29
3293	306	2247.00	865.29
3293	307	1951.56	865.29
3293	308	2041.09	865.29
3293	309	4419.64	865.29
3294	290	2503.41	1063.42
3294	291	2523.81	1063.42
3294	292	1868.77	1063.42
3294	293	2402.48	1063.42
3294	294	1042.30	1063.42
3294	295	1240.61	1063.42
3294	296	2407.45	1063.42
3294	297	2919.81	1063.42
3294	298	4848.73	1063.42
3294	299	6740.07	1063.42
3294	300	2583.94	1063.42
3294	301	1080.94	1063.42
3294	302	7700.39	1063.42
3294	303	7596.85	1063.42
3294	304	6334.23	1063.42
3294	305	7687.92	1063.42
3294	306	2235.86	1063.42
3294	307	1940.41	1063.42
3294	308	2029.95	1063.42
3294	309	4408.49	1063.42
3347	290	2700.68	1364.42
3347	291	2264.32	1364.42
3347	292	1791.56	1364.42
3347	293	2325.28	1364.42
3347	294	936.16	1364.42
3347	295	1111.86	1364.42
3347	296	2174.65	1364.42
3347	297	2687.00	1364.42
3347	298	4615.92	1364.42
3347	299	6521.01	1364.42
3347	300	2351.13	1364.42
3347	301	974.80	1364.42
3347	302	7807.49	1364.42
3347	303	7703.95	1364.42
3347	304	6441.33	1364.42
3347	305	7795.02	1364.42
3347	306	2433.13	1364.42
3347	307	2125.34	1364.42
3347	308	2227.22	1364.42
3347	309	4592.33	1364.42
2908	290	2780.04	1652.71
2908	291	2320.03	1652.71
2908	292	2604.44	1652.71
2908	293	3138.15	1652.71
2908	294	1749.04	1652.71
2908	295	1924.74	1652.71
2908	296	2280.80	1652.71
2908	297	2797.11	1652.71
2908	298	4726.03	1652.71
2908	299	6631.12	1652.71
2908	300	2461.24	1652.71
2908	301	1787.68	1652.71
2908	302	7613.71	1652.71
2908	303	7510.18	1652.71
2908	304	6189.24	1652.71
2908	305	7601.24	1652.71
2908	306	2812.41	1652.71
2908	307	2797.47	1652.71
2908	308	2606.50	1652.71
2908	309	4494.09	1652.71
3480	290	2111.47	1939.35
3480	291	2838.31	1939.35
3480	292	2691.40	1939.35
3480	293	3225.12	1939.35
3480	294	1940.21	1939.35
3480	295	2169.58	1939.35
3480	296	2799.08	1939.35
3480	297	3315.39	1939.35
3480	298	5244.31	1939.35
3480	299	7149.39	1939.35
3480	300	2979.52	1939.35
3480	301	1978.85	1939.35
3480	302	6990.30	1939.35
3480	303	6886.76	1939.35
3480	304	5565.83	1939.35
3480	305	6977.83	1939.35
3480	306	2211.97	1939.35
3480	307	2388.90	1939.35
3480	308	2006.06	1939.35
3480	309	3825.52	1939.35
2909	290	2610.55	2377.49
2909	291	2464.75	2377.49
2909	292	2660.46	2377.49
2909	293	3194.18	2377.49
2909	294	1805.06	2377.49
2909	295	1980.76	2377.49
2909	296	2425.52	2377.49
2909	297	2941.83	2377.49
2909	298	4870.75	2377.49
2909	299	6775.84	2377.49
2909	300	2605.96	2377.49
2909	301	1843.70	2377.49
2909	302	7444.23	2377.49
2909	303	7340.70	2377.49
2909	304	6019.76	2377.49
2909	305	7431.76	2377.49
2909	306	2717.20	2377.49
2909	307	2702.26	2377.49
2909	308	2511.29	2377.49
2909	309	4324.61	2377.49