ID_Iteration	Best_Quality	Average_Quality
1	0.0003325284199205349	0.00031903388889788177
2	0.0003430802107412245	0.00032256711219403206
3	0.0003343070804078302	0.0003215834649950462
4	0.00034426872026636663	0.00031868181837423537
5	0.00033576993572719416	0.0003218206052017551
6	0.0003464735288054097	0.00032003062467253544
7	0.00033424794069111997	0.00031917041683989737
8	0.00035191653812260986	0.000322272927979172
9	0.0003372320796655334	0.0003217745172477332
10	0.0003471100071589975	0.0003207441298345277
11	0.00033614347195125847	0.00031688508755590885
12	0.00033187927709912006	0.0003209937944936358
13	0.0003455555525552505	0.00032016816740037244
14	0.0003505589326815508	0.000319836463103199
15	0.0003446822407423264	0.00032251845130268364
16	0.00034706046808825544	0.0003215560061979426
17	0.00034287605627509736	0.0003186773106039978
18	0.0003381739999851024	0.00032144256331961666
19	0.0003338624656759692	0.0003180338430816248
20	0.0003367955190554615	0.0003197140367377361
21	0.0003323278359512626	0.0003186085003178801
22	0.0003447695807852928	0.0003221379193009663
23	0.00033658821947278795	0.00031890796836433024
24	0.00034771682902839663	0.0003230308015643241
25	0.0003355142777686409	0.0003189223770368
26	0.0003476039371441592	0.0003187775447744617
27	0.00034679619302356313	0.0003205029205986226
28	0.0003567545553792026	0.0003208509355797319
29	0.0003403826756936243	0.0003207404118177935
30	0.00034547125490155204	0.0003169467602378384
31	0.0003315877248279105	0.00031574344765751517
32	0.00034100159458971173	0.00031641979841802475
33	0.00034885798045971656	0.00031659756033747223
34	0.00033181315777594127	0.00031613618004796494
35	0.0003385507941346283	0.0003213540315331377
36	0.0003409029059054581	0.0003167497354700514
37	0.00033821362885105274	0.0003172990548296729
38	0.00034507650221516815	0.00032268535906327804
39	0.00034809066462022264	0.0003191513671101702
40	0.00034272117293939147	0.00031793962896811586
41	0.00033583498824737767	0.00031662621777832616
42	0.0003397177780644039	0.000318274904143664
43	0.000337404609752191	0.00032180462873655655
44	0.0003430003998141012	0.00032445877603092357
45	0.00034790655930030305	0.0003199516031810739
46	0.00033411129136699753	0.0003216650590189863
47	0.00033549244468009977	0.00031593449443634194
48	0.00033464451853618647	0.0003197724879081275
49	0.00033549876462216126	0.0003183206921907538
50	0.00033586583387735396	0.0003159657306563984
51	0.0003296049585110519	0.00031790802278213544
52	0.0003427715394217363	0.0003209657111689721
53	0.0003323347271870867	0.0003191403811470526
54	0.000337523771317729	0.0003154802716318811
55	0.0003491252201261001	0.0003216429658206827
56	0.0003376301580443392	0.00031759661375847835
57	0.0003317899719024937	0.00031820619994744366
58	0.00033564388853622387	0.00031777651156259196
59	0.0003401564145149179	0.00031762550371008724
60	0.0003455294051384648	0.00032029597378128874
61	0.0003317019575307959	0.0003147429037700086
62	0.0003444224236423777	0.0003191475613358721
63	0.000335376063268862	0.00031986107679154833
64	0.00033452855758884717	0.0003190325306647794
65	0.0003460120898427953	0.0003182119575892141
66	0.00033632996458165274	0.00031860896415268874
67	0.0003530846194079389	0.0003197542391269515
68	0.0003515750964427569	0.0003162266292632885
69	0.0003438170658817192	0.0003185287758960105
70	0.0003405693976658482	0.00032089407018955665
71	0.0003322780218504849	0.00031743714764817125
72	0.0003324582723141897	0.0003154424992970875
73	0.00034041360659899263	0.00031561908310790804
74	0.00033523307040690534	0.0003175506925411391
75	0.0003426654105944695	0.0003252316639582684
76	0.0003336766774360854	0.00031419556956595795
77	0.00034397723612801555	0.0003215099794178052
78	0.0003314375171865991	0.000317604797282407
79	0.00034172893638099403	0.0003201133398369181
80	0.00034707437637048583	0.00032088107322116846
81	0.0003424271078379961	0.0003174547897794896
82	0.00033563305181540456	0.0003201988252685171
83	0.00034538219024797247	0.0003172438544572979
84	0.0003582607440529577	0.0003224181354119685
85	0.0003296980688767013	0.00031582339524775647
86	0.00033939436887708195	0.0003167764026943376
87	0.00035530486738940403	0.0003228459065010228
88	0.0003403636527691187	0.0003187968641516886
89	0.0003363235722583251	0.0003161230586688825
90	0.0003351671523587048	0.0003154686518503545
91	0.00033623184459250746	0.0003155409345925304
92	0.0003390054139999413	0.00031915783978951335
93	0.0003379398363806596	0.0003176017817371064
94	0.00034723159909583195	0.00032384489664488
95	0.0003298187775346369	0.0003186027214642805
96	0.0003373695229792337	0.0003195289301485812
97	0.00033476136785511593	0.00031787300021509095
98	0.00034530462703360733	0.0003229040491002109
99	0.00033440852460105846	0.00031637933908160284
100	0.00034609595350173475	0.0003242544247714299
101	0.00033478409512138616	0.0003179975683256917
102	0.00033850353640026994	0.00031697996505357346
103	0.00033169723687453246	0.0003204961831860868
104	0.0003488675273545841	0.0003203475084807606
105	0.0003350637274168142	0.0003194088385733065
106	0.00032835020887920043	0.0003151530766739876
107	0.00034940062740002466	0.00031808671252531835
108	0.00033910197176106427	0.00031328730182347413
109	0.000349936835451276	0.00032030228866604523
110	0.00033246117082850085	0.000321646876250249
111	0.0003419238493552353	0.0003205905180063527
112	0.00034335716090329793	0.00032056680075685784
113	0.00033108088502813865	0.0003186298597059059
114	0.00033166973842267683	0.00031976334802158674
115	0.00032953677409900913	0.0003171508395856851
116	0.00033676729550460546	0.0003197339258228484
117	0.00034011945341778607	0.0003201284616167361
118	0.0003380521385584617	0.0003197527620518814
119	0.0003326070040706873	0.0003192057672262303
120	0.00033487620315125305	0.0003199230494593563
121	0.0003567793144542642	0.0003200934363620463
122	0.0003543361051661845	0.0003235299723273405
123	0.00034372987951980765	0.00032561505361160026
124	0.00033510512596748924	0.00031794790755209105
125	0.00033503213645938034	0.0003178023904344714
126	0.0003382264012698527	0.00031631512285717345
127	0.0003449722059321224	0.0003174999516512423
128	0.00033719243773862393	0.00031789741509758525
129	0.0003380674930483254	0.00031901466966813773
130	0.00034415287333758554	0.0003141470337007982
131	0.00034333962924720487	0.0003231597215915692
132	0.0003355730035564719	0.00031805903254354163
133	0.0003560475460175299	0.0003241889350626586
134	0.00034679552043683344	0.00032064516412573226
135	0.0003382756422320413	0.0003152865527213436
136	0.00034261325905476236	0.00032333721750724007
137	0.00033649464928313394	0.00031600134430391296
138	0.0003345484610751279	0.00031853281127866464
139	0.00033732758773142544	0.0003204353297979562
140	0.00033297779742920707	0.0003185045480616662
141	0.0003358243816532126	0.00032139351964389704
142	0.00033096053644531253	0.00031741932562280746
143	0.0003424476996283123	0.00032106368825820814
144	0.00034111632313314565	0.00031968378070115224
145	0.0003483466582998522	0.0003215274788941579
146	0.00034132801739954823	0.0003205358152637243
147	0.00033844038672023376	0.0003163301395974395
148	0.0003375267716793398	0.0003193334940572258
149	0.00032747873680438825	0.0003138329066265225
150	0.0003284644167648347	0.00031435929825285026
151	0.0003333751955230285	0.00032138527035498323
152	0.00032990991360803984	0.00031618111919698574
153	0.0003390440985617326	0.00031889734306042334
154	0.0003334106409883048	0.00031688151368594846
155	0.00034083599038843765	0.0003180536775021376
156	0.00033711740218322466	0.0003209896847181737
157	0.00033915318238078563	0.000321467191219692
158	0.00034682112374048024	0.00031880663114116736
159	0.00035091384108516403	0.00031849372745536834
160	0.00033600514470323253	0.0003189329635102435
161	0.00033003905973774276	0.0003172062342990141
162	0.00034355110409857556	0.0003196174750884729
163	0.0003433966963893255	0.0003164342631521669
164	0.00034133961198113256	0.00031833017818100166
165	0.0003594629111057621	0.0003226213129848607
166	0.0003442879057935289	0.00032138696800264435
167	0.0003423965721749522	0.00031688891150710995
168	0.00033255755087881417	0.0003159407623556492
169	0.0003381367917640269	0.0003181731133350547
170	0.00034221931615037085	0.00031368327529740357
171	0.0003454086849337471	0.00031358967408316014
172	0.0003447850299866005	0.00031776726033376143
173	0.00033425894177260986	0.00032106723239295283
174	0.00033640153488420426	0.0003169553688072245
175	0.00034212142046128593	0.0003197930875764867
176	0.0003408758080201125	0.00031807939494373996
177	0.0003302933278576713	0.0003161568002454841
178	0.00033878193512923454	0.00032097654653441543
179	0.0003443121032201726	0.00032234785155733486
180	0.0003373910315763965	0.0003181526756318968
181	0.0003379453216227573	0.0003164332236643626
182	0.0003424672840108217	0.0003193459804147544
183	0.00034792065498887796	0.00031756593885848186
184	0.00034216736925887515	0.0003208292062264068
185	0.00033040067694229796	0.0003170397477821407
186	0.00035290168983409775	0.0003192663800133124
187	0.0003364132352565343	0.00031738934257354083
188	0.0003352809359186703	0.00031809364884001175
189	0.0003375129906444226	0.0003183816677437119
190	0.0003354221093548447	0.00031869729755282683
191	0.00035437644410516426	0.00031886478127039265
192	0.0003374113117922339	0.00031955864931109464
193	0.00033910358672473357	0.0003239194237868716
194	0.00034425082965526224	0.00031690485744417844
195	0.00034184337181279956	0.00031750178275127095
196	0.000337009105806768	0.00031660715173355584
197	0.00033352610096698337	0.00031651670808023
198	0.0003400671542648321	0.0003172762361105464
199	0.00033327429549108814	0.00031950250069337494
200	0.0003349835859592933	0.0003181333910724052